-4.495713135969120049e+04
-4.495857972807240003e+04
-4.494995261705325538e+04
-4.495775458066035208e+04
-4.495662473008005327e+04
-4.495397419372859440e+04
-4.494901576972365001e+04
-4.495103965890134714e+04
-4.495146512636909756e+04
-4.495454050267829734e+04
-4.495423432486154343e+04
-4.495787262470400310e+04
-4.495350891075134859e+04
-4.495634864450534951e+04
-4.495053455100195424e+04
-4.495008403961010481e+04
-4.495032417199935298e+04
-4.496137221973604755e+04
-4.495328448807495442e+04
-4.495309366542150383e+04
-4.495475318778014480e+04
-4.495447574364629691e+04
-4.495662486499470106e+04
-4.495043177427659975e+04
-4.495608471066180209e+04
-4.495375854050445196e+04
-4.495561148027040326e+04
-4.495856648761140241e+04
-4.495569029552640131e+04
-4.495428013622909930e+04
-4.495717086772080074e+04
-4.495451805978314951e+04
-4.495561353222809703e+04
-4.495465859064764663e+04
-4.495612969057860028e+04
-4.495178980318064714e+04
-4.495642926699014788e+04
-4.495113107769570342e+04
-4.495108917571544589e+04
-4.495033006118069898e+04
-4.495751653160429851e+04
-4.495420286778525042e+04
-4.495858344606914761e+04
-4.495971390533414524e+04
-4.494947785239989753e+04
-4.495372558681679948e+04
-4.495773859798064950e+04
-4.494693750994199945e+04
-4.495768423992689350e+04
-4.495789474129394512e+04
-4.495526510102549946e+04
-4.495438698235679476e+04
-4.495394019837435189e+04
-4.495537717744905240e+04
-4.495764908367914904e+04
-4.495658995347584278e+04
-4.494803566185465024e+04
-4.495426653808740230e+04
-4.495438098963629454e+04
-4.495302312702240306e+04
-4.495436584781999409e+04
-4.495190149682309857e+04
-4.495501250315010111e+04
-4.495743615071084787e+04
-4.495534074735600007e+04
-4.495720690248254687e+04
-4.495742686042529385e+04
-4.495464690641144989e+04
-4.495491708084195125e+04
-4.495149769100054982e+04
-4.495329290925914393e+04
-4.495723787323859870e+04
-4.495130257931624510e+04
-4.495724998731914820e+04
-4.495561935552089562e+04
-4.495250653255244833e+04
-4.495632319583729986e+04
-4.495394530003065302e+04
-4.495233026813099423e+04
-4.495530098518484738e+04
-4.495750247224274790e+04
-4.495766741324625036e+04
-4.495751243396400241e+04
-4.495122071122410125e+04
-4.495581891311355139e+04
-4.495298930109584762e+04
-4.495877427813524992e+04
-4.495012524505425245e+04
-4.495807895940465096e+04
-4.495492825365750468e+04
-4.495677301383059967e+04
-4.495799211829574779e+04
-4.495517428150319756e+04
-4.495131283596720459e+04
-4.495583856358919729e+04
-4.495272169945634960e+04
-4.495163828775360162e+04
-4.495282988845544605e+04
-4.495426870613444771e+04
-4.495500427335644781e+04
-4.495231921454235271e+04
-4.495566843935310317e+04
-4.494656495725500281e+04
-4.495140474735689349e+04
-4.496127641464680346e+04
-4.495592625183659402e+04
-4.495002610788690072e+04
-4.495937250851864519e+04
-4.494799220364959911e+04
-4.495600984558124765e+04
-4.495140848417895177e+04
-4.495646957823255070e+04
-4.495586079313094524e+04
-4.495654802012009895e+04
-4.494587590734930563e+04
-4.495786890670725552e+04
-4.495860250354785239e+04
-4.495501101281384763e+04
-4.495575347637075174e+04
-4.495043093968830362e+04
-4.495551499433279969e+04
-4.495604443707000610e+04
-4.495147783030904975e+04
-4.495213921643640060e+04
-4.495832819382644811e+04
-4.495908317620785238e+04
-4.495733027722364932e+04
-4.495735747978214931e+04
-4.495388319222840073e+04
-4.495602588787439890e+04
-4.495795972936709586e+04
-4.495661002124565130e+04
-4.495513745607884630e+04
-4.495294219705769501e+04
-4.495273470460109820e+04
-4.495673747166419344e+04
-4.495633346503844950e+04
-4.495658342737185012e+04
-4.495190286793244741e+04
-4.495562686995315016e+04
-4.495430774666910293e+04
-4.495503020834475319e+04
-4.495332557429220469e+04
-4.495473346514085279e+04
-4.495494344567459484e+04
-4.495319832467684319e+04
-4.495233304172520002e+04
-4.495564092617714778e+04
-4.495683398583975213e+04
-4.495068532596719888e+04
-4.495256563458180608e+04
-4.494664036513170140e+04
-4.495871562477554835e+04
-4.495443549829244876e+04
-4.495378164228509559e+04
-4.495640480665035284e+04
-4.495608408001424687e+04
-4.495829489814584667e+04
-4.495632573411524936e+04
-4.494747474321585469e+04
-4.495522409010944830e+04
-4.495470748622684914e+04
-4.495423201248719852e+04
-4.495510487262209790e+04
-4.495405580454164738e+04
-4.495659547556384496e+04
-4.495306113844064384e+04
-4.495320321297975170e+04
-4.495582507839929167e+04
-4.495845683337645460e+04
-4.494385771596240374e+04
-4.495390540921994398e+04
-4.495551029114534322e+04
-4.495760148077054328e+04
-4.495850030413169588e+04
-4.495208403634455317e+04
-4.495850874414120335e+04
-4.495208679738854698e+04
-4.495284402625574876e+04
-4.495401677655719686e+04
-4.495861851760304853e+04
-4.495810104775665241e+04
-4.495588682538330613e+04
-4.495585877882385103e+04
-4.495732036884075205e+04
-4.495611240581564925e+04
-4.495402681044210476e+04
-4.495524596197050414e+04
-4.495522954630889581e+04
-4.495222825696785003e+04
-4.495616499115364422e+04
-4.495476427588184742e+04
-4.495727204743319453e+04
-4.495289692221119913e+04
-4.495326729743849864e+04
-4.495289796387779643e+04
-4.495328373820049455e+04
-4.495627918228589988e+04
-4.495307805297270534e+04
-4.495921264407104900e+04
-4.495473253328850114e+04
-4.495824752114085277e+04
-4.495223815280054987e+04
-4.495071620259674819e+04
-4.494800472874919797e+04
-4.495482761987880076e+04
-4.495480036084439780e+04
-4.495970734157954575e+04
-4.495751677947074495e+04
-4.495549530620654696e+04
-4.495171125775395194e+04
-4.495830601762305014e+04
-4.495506779933130019e+04
-4.495919931889620057e+04
-4.495670010658124374e+04
-4.495680276407970086e+04
-4.495168447248959274e+04
-4.495350082528499479e+04
-4.495707472691369912e+04
-4.496071677612839267e+04
-4.495610236251810420e+04
-4.495646448912644701e+04
-4.495509858497189998e+04
-4.495263483010949858e+04
-4.494923636458904366e+04
-4.495578182727254898e+04
-4.496114021046374546e+04
-4.495827597558179696e+04
-4.495544087285159912e+04
-4.495476170622839709e+04
-4.495431260045895033e+04
-4.495209430868324853e+04
-4.495115687776934647e+04
-4.495187452016819589e+04
-4.495721426003729721e+04
-4.494453612329850148e+04
-4.495774251364304655e+04
-4.495350442719239800e+04
-4.495333053789629776e+04
-4.495658514988679963e+04
-4.495201458981285396e+04
-4.495267382671844825e+04
-4.495681825730160199e+04
-4.495663682533529936e+04
-4.495515794741789432e+04
-4.495807217288399261e+04
-4.495556244350144698e+04
-4.495490067145544890e+04
-4.495373652745364961e+04
-4.495582405869555078e+04
-4.495133677233614435e+04
-4.495534843121594895e+04
-4.495439065015275264e+04
-4.495509352096619841e+04
-4.495800181332524517e+04
-4.495506413153534959e+04
-4.495846403719125374e+04
-4.496003929436954786e+04
-4.495223759431665530e+04
-4.495881553691774752e+04
-4.495579615018830373e+04
-4.495219417689974944e+04
-4.495819574529075180e+04
-4.495129663679654914e+04
-4.495434672131520347e+04
-4.494941836131434684e+04
-4.495962454163505026e+04
-4.495838067562529613e+04
-4.495619617212555022e+04
-4.495624767500880262e+04
-4.495641505075109308e+04
-4.495504695658665150e+04
-4.495782658743284992e+04
-4.495462586913869745e+04
-4.495453992536909936e+04
-4.495385071544835228e+04
-4.495436132661045121e+04
-4.495401607688354852e+04
-4.494834980904839904e+04
-4.495609330441124621e+04
-4.495805414452169498e+04
-4.495526975087460596e+04
-4.495578365646419843e+04
-4.495146481261409645e+04
-4.495631064877485187e+04
-4.495554688752855145e+04
-4.494426649166415154e+04
-4.495800279224084807e+04
-4.495373262747900299e+04
-4.495526910767685331e+04
-4.495039548223574820e+04
-4.495079932257135079e+04
-4.495182573440324632e+04
-4.494975176365244988e+04
-4.495560308104904834e+04
-4.495353429980594956e+04
-4.495509489521309297e+04
-4.495380462797640212e+04
-4.495455573862110032e+04
-4.495444897406970267e+04
-4.495339552283189551e+04
-4.495418459783159778e+04
-4.495637983802745293e+04
-4.495724199284175120e+04
-4.495508891818035045e+04
-4.494850121466119890e+04
-4.495235439589049929e+04
-4.495740645380010392e+04
-4.494936710629754816e+04
-4.495321268210564449e+04
-4.496011761075510003e+04
-4.494814197459885327e+04
-4.494715978025909862e+04
-4.495644364951934404e+04
-4.495337910089520301e+04
-4.495495482870600244e+04
-4.495708623858465580e+04
-4.495491743224754464e+04
-4.495153859523989377e+04
-4.495665923371739336e+04
-4.495121652573239408e+04
-4.495916670720149705e+04
-4.495551050449874310e+04
-4.495549415786324971e+04
-4.495820938108305563e+04
-4.494742130132669990e+04
-4.495520220883574802e+04
-4.495782629250314494e+04
-4.495690527411329822e+04
-4.495827616069724900e+04
-4.495384326062954642e+04
-4.496095311521970143e+04
-4.495397221079700103e+04
-4.495235160347100464e+04
-4.495661795924715261e+04
-4.494935390034960437e+04
-4.495712598820560379e+04
-4.495857003618044837e+04
-4.495772093043659697e+04
-4.495302787413555052e+04
-4.495746393371609884e+04
-4.495592768255939882e+04
-4.494711537765149842e+04
-4.495478259289874404e+04
-4.494769087021004816e+04
-4.495395618105405447e+04
-4.495370810438819899e+04
-4.495779898954304372e+04
-4.495584167917635205e+04
-4.495907247088724398e+04
-4.495542538276725099e+04
-4.495773219110355421e+04
-4.495913419590839476e+04
-4.495698424938434619e+04
-4.495345567594050226e+04
-4.495451765190164588e+04
-4.495398460098195210e+04
-4.495512672879540332e+04
-4.495820491948694689e+04
-4.495862471112674393e+04
-4.495032444810374727e+04
-4.495567101528165222e+04
-4.495508250816569489e+04
-4.495790339465685247e+04
-4.495765701854309737e+04
-4.495866913569719327e+04
-4.495299149738085544e+04
-4.495527031563359924e+04
-4.495962775448624598e+04
-4.495753125298889790e+04
-4.495277177161679720e+04
-4.495366418182575580e+04
-4.495530055534049461e+04
-4.495743359988270095e+04
-4.495872436912739795e+04
-4.495264663984770596e+04
-4.495719309726255597e+04
-4.495146280144454795e+04
-4.495560141500999453e+04
-4.495524311621265224e+04
-4.495930122024509910e+04
-4.495513398281099944e+04
-4.494970954164209979e+04
-4.495927443811830017e+04
-4.495373804916539666e+04
-4.495131480007350183e+04
-4.494970164756630402e+04
-4.495335531199110119e+04
-4.495963708869749826e+04
-4.495316683622504934e+04
-4.495502369792849640e+04
-4.495394530003065302e+04
-4.495061089386854292e+04
-4.495826632447799784e+04
-4.495969517729819927e+04
-4.495575599582339783e+04
-4.495392160525305371e+04
-4.495282753529294860e+04
-4.495444074427604937e+04
-4.495345969200450054e+04
-4.495539934110224567e+04
-4.495671119154540065e+04
-4.494409197172050335e+04
-4.495404187381965312e+04
-4.495203409909874608e+04
-4.495137767030039686e+04
-4.495834767487439967e+04
-4.495369355243130121e+04
-4.495085919330044999e+04
-4.495367455456605239e+04
-4.495522897841234953e+04
-4.495036306193159544e+04
-4.495259838746624882e+04
-4.495679430524490454e+04
-4.494640314438884525e+04
-4.495768257702539995e+04
-4.494995200523099629e+04
-4.495251032898795529e+04
-4.495278138193245104e+04
-4.495542730922294868e+04
-4.496111770481759595e+04
-4.495302466128434753e+04
-4.495689428641319682e+04
-4.495584339541620284e+04
-4.496029713509100111e+04
-4.495632630201179563e+04
-4.495762570893164957e+04
-4.495629765304274770e+04
-4.495509572666384338e+04
-4.495301547453795501e+04
-4.495269859140059998e+04
-4.495446980426415394e+04
-4.495635152791379369e+04
-4.495908987487709965e+04
-4.495297529821019998e+04
-4.495342044752910442e+04
-4.495386227418255294e+04
-4.495578038399954676e+04
-4.495614114263610099e+04
-4.495066488482894783e+04
-4.495033412430794851e+04
-4.495658696652825165e+04
-4.495569418608839624e+04
-4.495733723630954773e+04
-4.495302971901494311e+04
-4.495112102812305238e+04
-4.495175510815274902e+04
-4.495680081566114677e+04
-4.495624624428599782e+04
-4.495742819074649742e+04
-4.495614104850959848e+04
-4.495624406368874770e+04
-4.495375357690035162e+04
-4.495098479256450082e+04
-4.495860432018929714e+04
-4.495558263049814559e+04
-4.494789864504615252e+04
-4.495364499884504767e+04
-4.495234661162895645e+04
-4.495219723914855422e+04
-4.495260946301775402e+04
-4.495646047933754744e+04
-4.495143249271154491e+04
-4.495722401154269755e+04
-4.495569372173100419e+04
-4.495299513066374493e+04
-4.495638509969880397e+04
-4.495541582892750012e+04
-4.495727536382354447e+04
-4.495804077228360256e+04
-4.495273311386325076e+04
-4.495101287991209392e+04
-4.495952516915144952e+04
-4.495064328279719484e+04
-4.495610163774404646e+04
-4.495625284882874985e+04
-4.495368838174889970e+04
-4.495312686383805703e+04
-4.495880804758590239e+04
-4.495332113152139937e+04
-4.495453388244779489e+04
-4.495456745109525218e+04
-4.495191551225895091e+04
-4.495518035580000287e+04
-4.495389015758939786e+04
-4.495245366169740009e+04
-4.495424664915794710e+04
-4.495386052342964831e+04
-4.495245834919710614e+04
-4.494992560274775315e+04
-4.495406658202590188e+04
-4.495445412906434649e+04
-4.495435233752969361e+04
-4.495264829647410079e+04
-4.495533862009709992e+04
-4.495218519095654483e+04
-4.495423293178934546e+04
-4.495539871359225072e+04
-4.495014964578059880e+04
-4.495676042597999913e+04
-4.495293031829340180e+04
-4.495077974425935099e+04
-4.495111915186815168e+04
-4.495213020225524815e+04
-4.495085947567995026e+04
-4.495317698933684733e+04
-4.495205426099504984e+04
-4.495288685067569895e+04
-4.495577464542059897e+04
-4.495783872347625584e+04
-4.495830736363199685e+04
-4.495627807473075518e+04
-4.494733690750679671e+04
-4.495247483388480032e+04
-4.495505780623455212e+04
-4.495352110013309721e+04
-4.495391830768799991e+04
-4.495875162816180091e+04
-4.495064081668290601e+04
-4.495665689938019932e+04
-4.495561992655499489e+04
-4.495704675879300339e+04
-4.495775535563519952e+04
-4.495545059611905162e+04
-4.495031630302395206e+04
-4.495161641903009877e+04
-4.494730095745889412e+04
-4.495703508396945108e+04
-4.495758781046519289e+04
-4.495776646569975128e+04
-4.495789463147969946e+04
-4.495837523825114476e+04
-4.495613165154734452e+04
-4.495692541404674557e+04
-4.495837558024410100e+04
-4.495636840793280135e+04
-4.495879705988580099e+04
-4.495485593312999845e+04
-4.495743688803509576e+04
-4.495707243963974906e+04
-4.495366066463219613e+04
-4.495916517293955258e+04
-4.495623673750949820e+04
-4.495134567670304386e+04
-4.495837214776439941e+04
-4.495231856506950135e+04
-4.495668966795239976e+04
-4.495714573280775221e+04
-4.495471073986619740e+04
-4.495282426596584992e+04
-4.495093641154350189e+04
-4.495729209010259365e+04
-4.494698631766979815e+04
-4.495618127503815049e+04
-4.495942440673320380e+04
-4.495031123588070477e+04
-4.495359387246779806e+04
-4.495513091742464894e+04
-4.494865612177980074e+04
-4.495273888695524511e+04
-4.494876623095950345e+04
-4.495158507490560442e+04
-4.495654549439234688e+04
-4.495428864840225287e+04
-4.495158265271699929e+04
-4.495530037963770155e+04
-4.495812905039040197e+04
-4.495739498919240577e+04
-4.495426651926210616e+04
-4.495294353992910328e+04
-4.495433419935315032e+04
-4.495384955455485033e+04
-4.495558516877609509e+04
-4.495379069411684759e+04
-4.495747364757089963e+04
-4.495562432226254896e+04
-4.495480625943839550e+04
-4.495777715219504898e+04
-4.495302028440210415e+04
-4.495842794909115037e+04
-4.495011345100379549e+04
-4.495457381090909621e+04
-4.495626805339605198e+04
-4.495132640587095375e+04
-4.495324915298684937e+04
-4.495203958981125470e+04
-4.495179124645364936e+04
-4.495499827436084888e+04
-4.495319510868810175e+04
-4.495687198784534849e+04
-4.494896622467160341e+04
-4.495464875129084976e+04
-4.495610866899360553e+04
-4.495448771026200120e+04
-4.495417209469484806e+04
-4.495562442893924890e+04
-4.495725752057670616e+04
-4.495732547363460617e+04
-4.495443046252469503e+04
-4.495596824794334680e+04
-4.495985271054614714e+04
-4.495735525525919365e+04
-4.495042483715355047e+04
-4.495357468948710448e+04
-4.495596188812949549e+04
-4.495413443154464767e+04
-4.494711252875610080e+04
-4.495799397886289808e+04
-4.495797862683075073e+04
-4.495002831044699997e+04
-4.495634665529865015e+04
-4.495422034080119192e+04
-4.495297548960075073e+04
-4.495544881085310044e+04
-4.495308936697799800e+04
-4.495447980677355372e+04
-4.495529763741900388e+04
-4.495063760383169574e+04
-4.495314403251164913e+04
-4.495778618520149757e+04
-4.495095161924834974e+04
-4.495518608810385194e+04
-4.495547005520415405e+04
-4.495536500689259992e+04
-4.495741560603344988e+04
-4.495616700232319272e+04
-4.495491350089739717e+04
-4.496009605892415129e+04
-4.495902214458524395e+04
-4.495979922473129409e+04
-4.495488738706874574e+04
-4.495909888278315339e+04
-4.495117307380244893e+04
-4.495205349857039255e+04
-4.495444389123870496e+04
-4.494894728014469729e+04
-4.495485970446510328e+04
-4.494578559297254833e+04
-4.496026147056015179e+04
-4.495666047618720040e+04
-4.495439588986124727e+04
-4.495744141551975190e+04
-4.495679421425595501e+04
-4.495077074890350195e+04
-4.495191939968340012e+04
-4.495575037333380169e+04
-4.495718380697700195e+04
-4.495627542663854547e+04
-4.495912685404140211e+04
-4.495678436548649915e+04
-4.494991437031875103e+04
-4.495527924510090088e+04
-4.495531727848200535e+04
-4.494875459064899769e+04
-4.495705383083070046e+04
-4.495192440093810001e+04
-4.495644453744599741e+04
-4.495531420995810186e+04
-4.495498686309150071e+04
-4.495366277620335313e+04
-4.495368825938444934e+04
-4.495600996480814501e+04
-4.494927342846719694e+04
-4.495277218577339954e+04
-4.495552369789650402e+04
-4.495508410517864831e+04
-4.494919786057545571e+04
-4.495638841922670690e+04
-4.495240944106769894e+04
-4.494994011391649838e+04
-4.495645958827334834e+04
-4.494319265262645058e+04
-4.495659510219539516e+04
-4.495408128144765215e+04
-4.495633071968219883e+04
-4.496062071376005042e+04
-4.495273733073045150e+04
-4.495663876747874747e+04
-4.495597106546325085e+04
-4.495483415539544512e+04
-4.495706984802344959e+04
-4.495411960662090132e+04
-4.495446216119235032e+04
-4.494895852512390411e+04
-4.495700754569310084e+04
-4.495608614452214533e+04
-4.495452911650934402e+04
-4.495602329625809944e+04
-4.495253238910200162e+04
-4.495163387008319842e+04
-4.495429025796540373e+04
-4.495879660807859909e+04
-4.495527321472979384e+04
-4.495253746879544633e+04
-4.495549683105585427e+04
-4.495925159047919442e+04
-4.495596292352100136e+04
-4.496008300985369715e+04
-4.494993360036269587e+04
-4.495700672051744914e+04
-4.495503213480045088e+04
-4.495775806961595663e+04
-4.495498191831270378e+04
-4.495504033949370205e+04
-4.495511680786230136e+04
-4.495381636868849455e+04
-4.495318252083749394e+04
-4.495519219377615082e+04
-4.495313500891785225e+04
-4.495620302139719570e+04
-4.495649444645384210e+04
-4.495555705319055414e+04
-4.495058336500484438e+04
-4.495273127212140389e+04
-4.495273890264300280e+04
-4.495695429833204980e+04
-4.495536602659634809e+04
-4.495206657587879454e+04
-4.495591857425174385e+04
-4.495774533743804932e+04
-4.495284049337445322e+04
-4.495705607104139926e+04
-4.495719645130349818e+04
-4.494967353198075580e+04
-4.495580972009205288e+04
-4.495077068929004599e+04
-4.495011925233375223e+04
-4.495392969699449895e+04
-4.495779815809229331e+04
-4.495328203451084846e+04
-4.495705712839574699e+04
-4.495720384650884807e+04
-4.495588291285845480e+04
-4.495510487262209790e+04
-4.495433920374540321e+04
-4.495494690639224427e+04
-4.495782732161955209e+04
-4.495601590419030254e+04
-4.495547064820110245e+04
-4.495216137067694945e+04
-4.495893236672955391e+04
-4.495982730894134875e+04
-4.495427757912585366e+04
-4.494812583190410078e+04
-4.495558706071874622e+04
-4.495811798111399548e+04
-4.495626909820019500e+04
-4.494932148004545161e+04
-4.496030998335824552e+04
-4.495568845064700145e+04
-4.495757218546619697e+04
-4.495600016623950069e+04
-4.495457764813274844e+04
-4.495333327383990400e+04
-4.495719198029475228e+04
-4.495877226382814843e+04
-4.495316434501034382e+04
-4.495441191646664811e+04
-4.495318051594305143e+04
-4.495004204036579904e+04
-4.495018703910150361e+04
-4.495766967541979830e+04
-4.495740853399575280e+04
-4.494977576590995159e+04
-4.495421326248839614e+04
-4.495124260504799895e+04
-4.495795128935760295e+04
-4.495211398739684228e+04
-4.495498050641519512e+04
-4.495457540792204964e+04
-4.495575923063744995e+04
-4.495398180542489717e+04
-4.495181684886164294e+04
-4.496100100050780020e+04
-4.494949194313695625e+04
-4.495149584925869567e+04
-4.495547906311019324e+04
-4.495529272087814752e+04
-4.495250634743700357e+04
-4.494937353827505285e+04
-4.495303248633405019e+04
-4.495751783055000124e+04
-4.495716369841904816e+04
-4.495576736002950202e+04
-4.495461036650414462e+04
-4.495301455837334652e+04
-4.495215484143539652e+04
-4.495515145268939523e+04
-4.495197764516159805e+04
-4.495428279687149188e+04
-4.495164736782329419e+04
-4.495407714615674922e+04
-4.495553969312639674e+04
-4.495321057994714647e+04
-4.495546760477760108e+04
-4.495776003685979231e+04
-4.495927796472449700e+04
-4.495143666251549439e+04
-4.495436518265939958e+04
-4.495837039387394907e+04
-4.495015427680439461e+04
-4.495093636134269764e+04
-4.494836455867094628e+04
-4.495435411965809908e+04
-4.495725778099334275e+04
-4.496164586743440304e+04
-4.495844112993869203e+04
-4.495463338984604343e+04
-4.495397366348265496e+04
-4.495361102859120001e+04
-4.494982719035444461e+04
-4.495402196920244751e+04
-4.495470436122704996e+04
-4.495864712892149691e+04
-4.495548274345634854e+04
-4.495528915034625243e+04
-4.495877267170965206e+04
-4.495648233864840586e+04
-4.495631563434179407e+04
-4.495561063940700114e+04
-4.495573326427365100e+04
-4.495390781885835167e+04
-4.496020823261175246e+04
-4.495352172764309944e+04
-4.495472013055335265e+04
-4.495764517429184343e+04
-4.495512432856964733e+04
-4.495158560201399814e+04
-4.495803303822284943e+04
-4.495251799088504777e+04
-4.495575889805715269e+04
-4.495339002898184845e+04
-4.495029642350714857e+04
-4.495684614698355290e+04
-4.495059542574704392e+04
-4.495815455553435459e+04
-4.495479326370629860e+04
-4.494699040275990410e+04
-4.495600748928119719e+04
-4.495678080436725577e+04
-4.495493936999715515e+04
-4.494544723330545094e+04
-4.495726700225279637e+04
-4.495713732417374558e+04
-4.494997594473750360e+04
-4.495730558156759798e+04
-4.495111441730520164e+04
-4.495449543491010263e+04
-4.495882920722310519e+04
-4.495808689740614500e+04
-4.495179436831589555e+04
-4.494515297504115006e+04
-4.495605291473009856e+04
-4.494623557725599676e+04
-4.495961508192180190e+04
-4.495406964113714639e+04
-4.495078689473580016e+04
-4.495774653911969654e+04
-4.495502776733085193e+04
-4.495433728042725124e+04
-4.495663622920080525e+04
-4.495641491897399828e+04
-4.495632677578184666e+04
-4.495393512181844562e+04
-4.495044925984274596e+04
-4.495168728687195107e+04
-4.495380021030599892e+04
-4.495295438957700389e+04
-4.495820979210209771e+04
-4.495659538457489543e+04
-4.495205184194399772e+04
-4.495461019707644300e+04
-4.495612927642199793e+04
-4.495273700128769997e+04
-4.495120899561239639e+04
-4.495244218767705024e+04
-4.495098739359345200e+04
-4.495412111264490522e+04
-4.495234259242739790e+04
-4.495515809802029980e+04
-4.495298749700459302e+04
-4.494954418961954798e+04
-4.495528311056250095e+04
-4.495826405916689691e+04
-4.495719465976245556e+04
-4.494817164954674809e+04
-4.495875155286060181e+04
-4.495402295753069484e+04
-4.495445297130839754e+04
-4.495480046438355203e+04
-4.495343151053040492e+04
-4.495363635803235229e+04
-4.495859462829735276e+04
-4.495571356359720085e+04
-4.495943523441824800e+04
-4.494970296219974989e+04
-4.495486238393279928e+04
-4.494721892621415464e+04
-4.495736125111724687e+04
-4.495484468815079163e+04
-4.495920650074815057e+04
-4.495560175386539777e+04
-4.495589976463949279e+04
-4.495274259553934826e+04
-4.494413834470950678e+04
-4.495882670973330096e+04
-4.494557568774000538e+04
-4.495405616222235403e+04
-4.495539882026895066e+04
-4.495641840165449685e+04
-4.495639083827774448e+04
-4.495391088424469490e+04
-4.495442895022559969e+04
-4.495665220560539456e+04
-4.495401066147224628e+04
-4.495228824692385388e+04
-4.495091918953155255e+04
-4.495769215596554568e+04
-4.495465418866500113e+04
-4.495276310256614670e+04
-4.495755607100939960e+04
-4.495430733251250058e+04
-4.495916582554994966e+04
-4.495394606245530304e+04
-4.495237459857494832e+04
-4.495823581494179962e+04
-4.495649121163979726e+04
-4.494825337958669843e+04
-4.495171084987244831e+04
-4.495546539280485013e+04
-4.495837792399394675e+04
-4.495756946834789414e+04
-4.495779841223385301e+04
-4.495915395306074788e+04
-4.495554549445635348e+04
-4.495106811961739731e+04
-4.494903049424579513e+04
-4.495483757846250228e+04
-4.494828451663289889e+04
-4.495799476011285151e+04
-4.495725061482915044e+04
-4.495677184352445329e+04
-4.495176361718834960e+04
-4.495232452013940201e+04
-4.495767943006274436e+04
-4.494808142615894758e+04
-4.494978517855994869e+04
-4.495814094170489989e+04
-4.495385253208979702e+04
-4.495474254207299964e+04
-4.495342160214750038e+04
-4.495379796695774712e+04
-4.494632835774705018e+04
-4.495578044675054844e+04
-4.495930386206219555e+04
-4.495675052387220057e+04
-4.495481971325280028e+04
-4.495126751719499589e+04
-4.495623162644055265e+04
-4.495419406068239914e+04
-4.495108911610199721e+04
-4.495249389450105082e+04
-4.495706505698460387e+04
-4.495544670555704943e+04
-4.495927876793729229e+04
-4.495341709662570065e+04
-4.495764126804209809e+04
-4.495468163595239457e+04
-4.495245446491019538e+04
-4.495500944403884932e+04
-4.495153646798100090e+04
-4.495677893752499949e+04
-4.495796827605330327e+04
-4.495742438489835331e+04
-4.495613712343454245e+04
-4.494614569899869821e+04
-4.495436252201699972e+04
-4.494940979266530485e+04
-4.495657128819089849e+04
-4.495523840361255134e+04
-4.496020605201450235e+04
-4.495782253371825209e+04
-4.495086227437455091e+04
-4.495020613736835367e+04
-4.495380340433190577e+04
-4.495671577236839948e+04
-4.495474028617455042e+04
-4.495856012152244512e+04
-4.495461593251784507e+04
-4.495257490917960240e+04
-4.495382745992775017e+04
-4.495412577190664888e+04
-4.495767895943024632e+04
-4.495400885110590025e+04
-4.495772577481379267e+04
-4.495747250550270110e+04
-4.495312874950560217e+04
-4.495567879640564206e+04
-4.495811589150569489e+04
-4.495429278369314852e+04
-4.495802036252084508e+04
-4.495783407048960362e+04
-4.495287650617335021e+04
-4.495737029039880144e+04
-4.495499904306059761e+04
-4.495640294608319527e+04
-4.495476621802529553e+04
-4.495727515674525057e+04
-4.495655237190195476e+04
-4.494748054140825116e+04
-4.494598725899880083e+04
-4.494658443202784838e+04
-4.495610040154934541e+04
-4.495370285212949238e+04
-4.495710766177604819e+04
-4.495543147902689816e+04
-4.495616576612849894e+04
-4.495328077321575256e+04
-4.495556233368720132e+04
-4.495776864629700140e+04
-4.495877457620250061e+04
-4.495593373175580200e+04
-4.495394677467915608e+04
-4.495386570352469425e+04
-4.494675741457199911e+04
-4.495014989050950680e+04
-4.494968984096564964e+04
-4.495311463053060288e+04
-4.495792605404295318e+04
-4.495659231605099922e+04
-4.495924411056000099e+04
-4.495555650098175101e+04
-4.495191679865444894e+04
-4.494939604078364937e+04
-4.495832656857555412e+04
-4.495500690889845282e+04
-4.495808854461990268e+04
-4.495791732537884673e+04
-4.495606249680779729e+04
-4.495102327461525419e+04
-4.495140624396824569e+04
-4.495453390441064403e+04
-4.495090040188215062e+04
-4.495149801730574836e+04
-4.495872597869054880e+04
-4.495681975391295418e+04
-4.495341957215265575e+04
-4.495041045148679405e+04
-4.495560831134489854e+04
-4.495650232797944773e+04
-4.495903642671285343e+04
-4.494949429316189344e+04
-4.494841682397885597e+04
-4.495224609393959690e+04
-4.495718825602289871e+04
-4.495717704869429872e+04
-4.495732429705334653e+04
-4.495391644084575091e+04
-4.495747472375055077e+04
-4.495573076364630106e+04
-4.495429243542510085e+04
-4.495114478878919908e+04
-4.495629113948894519e+04
-4.495690099763264880e+04
-4.495384190520795528e+04
-4.495592182475354639e+04
-4.495307797767149896e+04
-4.495663904358314903e+04
-4.495514280873914686e+04
-4.495640303079705336e+04
-4.494826131131310103e+04
-4.495009157286764821e+04
-4.495144255169684766e+04
-4.494768325223864667e+04
-4.495765698716760380e+04
-4.495540167543945427e+04
-4.494877220171715453e+04
-4.495327140762899944e+04
-4.495805357662515598e+04
-4.495373469198690145e+04
-4.495480679282190249e+04
-4.495494107996189996e+04
-4.495097947441724682e+04
-4.495440830514659319e+04
-4.495600121104365098e+04
-4.495228281582480122e+04
-4.495717630823249783e+04
-4.495579295929994987e+04
-4.495326752961720194e+04
-4.495292321801775688e+04
-4.495197879350489529e+04
-4.495107481828664459e+04
-4.494973136330235138e+04
-4.495519263930824673e+04
-4.495428781067639648e+04
-4.495350572300054773e+04
-4.495381444850789558e+04
-4.495231833602835104e+04
-4.494799807400564896e+04
-4.495008350622659782e+04
-4.495431823236119817e+04
-4.495615510473360337e+04
-4.494804972121619357e+04
-4.495562610125340143e+04
-4.495477284766844969e+04
-4.495874447454779875e+04
-4.495386159647175373e+04
-4.495119608145659731e+04
-4.495606332512099470e+04
-4.495458701685705455e+04
-4.495645315002074494e+04
-4.495246523611935118e+04
-4.494133410919619928e+04
-4.495455030752204766e+04
-4.495671619280009327e+04
-4.495676277600494359e+04
-4.494399470139540063e+04
-4.495614675571305270e+04
-4.495745476893255545e+04
-4.495573859497110243e+04
-4.495463431542330363e+04
-4.494968892480104842e+04
-4.494969798290790641e+04
-4.495200524932650296e+04
-4.495444534706189734e+04
-4.495034730515549745e+04
-4.495394616599444998e+04
-4.495172261254740442e+04
-4.495427350658595242e+04
-4.494658908187695488e+04
-4.495638421490970359e+04
-4.495864396940865117e+04
-4.494590598390359810e+04
-4.495519757781195221e+04
-4.495216890079694713e+04
-4.495624143128429569e+04
-4.495510601469029643e+04
-4.495438971516284801e+04
-4.495608431219294289e+04
-4.495565747989094962e+04
-4.495435977038565034e+04
-4.495001066172825085e+04
-4.495478569279815565e+04
-4.495564037083079893e+04
-4.495670298371459648e+04
-4.495509584902830102e+04
-4.495558664028705243e+04
-4.494969015472065075e+04
-4.495244750268674397e+04
-4.495735037323140568e+04
-4.495746999232514645e+04
-4.495758178323165339e+04
-4.495389109885439393e+04
-4.495058792072744836e+04
-4.494881011273380136e+04
-4.495364670567224675e+04
-4.495211832349095494e+04
-4.495255716947190376e+04
-4.495206154324860108e+04
-4.495508817144345085e+04
-4.495603865770289849e+04
-4.495030828658369865e+04
-4.495863136587029294e+04
-4.495629979598939826e+04
-4.495021550923019822e+04
-4.494794859170460404e+04
-4.495460839926029439e+04
-4.495443696980339155e+04
-4.495490185744935297e+04
-4.495707892809314944e+04
-4.495192078020540066e+04
-4.495342914795524848e+04
-4.495073685081329313e+04
-4.495466650668629882e+04
-4.495640642248860240e+04
-4.496139003788249829e+04
-4.495603124367224518e+04
-4.494294394531304715e+04
-4.495566708393149747e+04
-4.495060502037494734e+04
-4.495459019833275670e+04
-4.495072368879104761e+04
-4.495285192660665052e+04
-4.496122403952464811e+04
-4.495366744174020278e+04
-4.495754143747620401e+04
-4.495286064899565099e+04
-4.495785882262155064e+04
-4.495189478246610088e+04
-4.494685020761324995e+04
-4.495737910377675144e+04
-4.495156639393290243e+04
-4.495329069414884725e+04
-4.496029121453415428e+04
-4.495652179333964887e+04
-4.493912978579309856e+04
-4.495082026258004771e+04
-4.495593475145955017e+04
-4.495594378446600604e+04
-4.495655345435669733e+04
-4.494439571479844744e+04
-4.495393769774700195e+04
-4.495329964557899802e+04
-4.495641124176539597e+04
-4.495454809554929670e+04
-4.495684552888620237e+04
-4.495628595311880053e+04
-4.495371827946284611e+04
-4.495563583707105136e+04
-4.495268802099464665e+04
-4.495917926681414974e+04
-4.495400567590530409e+04
-4.495003438160625228e+04
-4.495156491614684637e+04
-4.495183210676729504e+04
-4.495188569925885531e+04
-4.495171975423934782e+04
-4.495716325916205096e+04
-4.495222878093870531e+04
-4.495458243917160144e+04
-4.495972362232649903e+04
-4.495172903511225013e+04
-4.494999299418419832e+04
-4.495902520369649574e+04
-4.495547734687034972e+04
-4.495738679391180631e+04
-4.495712097753824492e+04
-4.495696345684050175e+04
-4.495612219497164915e+04
-4.495454519331554911e+04
-4.495722229844039975e+04
-4.495077404960609420e+04
-4.495696337840174965e+04
-4.495657383901905268e+04
-4.495376309622704866e+04
-4.494827875609110197e+04
-4.495641790592159668e+04
-4.495582145766660688e+04
-4.495048132874129806e+04
-4.494508031565824786e+04
-4.495324985579804343e+04
-4.495968444060209731e+04
-4.495643725519244617e+04
-4.495010374342410068e+04
-4.495808247032309737e+04
-4.495311306175559730e+04
-4.495412296066184354e+04
-4.495825166270684713e+04
-4.495801134520214691e+04
-4.495556063941020693e+04
-4.494919743073110294e+04
-4.495263842574179580e+04
-4.495643040905834641e+04
-4.494994157915234973e+04
-4.495890512652044708e+04
-4.494491216180354968e+04
-4.495626973198530322e+04
-4.495265973284385109e+04
-4.495199505228899943e+04
-4.495392405254205369e+04
-4.495784001300929958e+04
-4.495764299996969930e+04
-4.495475715364334610e+04
-4.495217411854259990e+04
-4.495735107918015274e+04
-4.494978425298269576e+04
-4.495600025409089722e+04
-4.495342551780990470e+04
-4.495451378957759880e+04
-4.495452642135389760e+04
-4.495567204753559781e+04
-4.494598405869780254e+04
-4.495211353558965493e+04
-4.495316712487964833e+04
-4.495251632170844823e+04
-4.495245648235484987e+04
-4.495296750767355115e+04
-4.495845081869310525e+04
-4.495150292129640002e+04
-4.495137150187710358e+04
-4.494546917105504690e+04
-4.495622532310259703e+04
-4.495798457562555268e+04
-4.494456683991299360e+04
-4.495842458250000345e+04
-4.495066597669634939e+04
-4.495729063427940127e+04
-4.495816579110089515e+04
-4.495723254254115454e+04
-4.495358890572615201e+04
-4.495426832649089920e+04
-4.495062124150845193e+04
-4.495053165190575237e+04
-4.495427593818720197e+04
-4.493652458076404582e+04
-4.495187353183994855e+04
-4.495211590130234981e+04
-4.495643132522295491e+04
-4.495870001546429557e+04
-4.495618118404920097e+04
-4.495308501833370246e+04
-4.494864161061104824e+04
-4.495805837707665341e+04
-4.495499849398934748e+04
-4.495747529164709704e+04
-4.494676501371809718e+04
-4.495383276866234519e+04
-4.495597947723479592e+04
-4.495877998220115114e+04
-4.494996854011949472e+04
-4.494532000251540012e+04
-4.495071506994120136e+04
-4.494362469639899791e+04
-4.495517564319989469e+04
-4.495399329513299745e+04
-4.495183405832340213e+04
-4.494982715897894377e+04
-4.495198234521149425e+04
-4.495291519216485176e+04
-4.495117286986170075e+04
-4.494970483845465060e+04
-4.492872383138880105e+04
-4.495426784330820374e+04
-4.495251702451964957e+04
-4.495566186618585198e+04
-4.495449143139630178e+04
-4.495236842073899606e+04
-4.495135048342965456e+04
-4.495800232474590302e+04
-4.495572180280349858e+04
-4.495688625742275326e+04
-4.495375392830595229e+04
-4.495587109370759572e+04
-4.495089697881510074e+04
-4.495583603786145250e+04
-4.495003621707300044e+04
-4.495580781873675005e+04
-4.495316358886080707e+04
-4.495367155193070357e+04
-4.495608952993859566e+04
-4.495315895469945099e+04
-4.495319519026439957e+04
-4.495497507531614247e+04
-4.495526872489575180e+04
-4.495170219337200251e+04
-4.494754544162999809e+04
-4.495228122822449950e+04
-4.495279770974265557e+04
-4.495390826439044758e+04
-4.494162563151690119e+04
-4.495706664458490559e+04
-4.495034721730410092e+04
-4.495928407667189458e+04
-4.495714575163304835e+04
-4.495233492111765372e+04
-4.495570350774945109e+04
-4.495384267077014374e+04
-4.495360261368210195e+04
-4.495733697275535087e+04
-4.495457313947339571e+04
-4.494881551245735318e+04
-4.495326516390449979e+04
-4.494851405979090487e+04
-4.494730814872350311e+04
-4.495040069370629499e+04
-4.495694298118920415e+04
-4.495506977285024914e+04
-4.494959979955574818e+04
-4.495190580467924883e+04
-4.495806678257309977e+04
-4.495411618669139716e+04
-4.495905640663124359e+04
-4.495679503001894773e+04
-4.495061509504800051e+04
-4.495169146608854498e+04
-4.495834078167704865e+04
-4.495198658404155140e+04
-4.495545427332765394e+04
-4.495109811459539924e+04
-4.495522964357294404e+04
-4.495593833454164269e+04
-4.495545479102340323e+04
-4.495631744157060166e+04
-4.495110172277790116e+04
-4.495352886556935118e+04
-4.495735474697609607e+04
-4.495252809379604878e+04
-4.495939569187560119e+04
-4.495043390781059861e+04
-4.495241886626790074e+04
-4.495292928603944893e+04
-4.495668209076915082e+04
-4.495907275640429725e+04
-4.494969721107059740e+04
-4.495484332017899578e+04
-4.495647716482845135e+04
-4.494835984293329238e+04
-4.495925143046414451e+04
-4.494505869166365301e+04
-4.495292235519149835e+04
-4.495474503642524360e+04
-4.495718082944204798e+04
-4.495610572597169812e+04
-4.495638531305220386e+04
-4.494930593976029922e+04
-4.494921628740659798e+04
-4.495115388768419507e+04
-4.495338446296814800e+04
-4.495532360064524983e+04
-4.495485399726164906e+04
-4.495423915668854897e+04
-4.495580324418884993e+04
-4.494899183021714998e+04
-4.495430364275370084e+04
-4.495275785658255336e+04
-4.494905070006779715e+04
-4.495376207652330049e+04
-4.495631133589830279e+04
-4.495644536575920210e+04
-4.495411710913110437e+04
-4.495613993467934779e+04
-4.495486693965539598e+04
-4.495472496238035092e+04
-4.494940818310215400e+04
-4.495482940828230494e+04
-4.495022515405889862e+04
-4.495411318719360133e+04
-4.495004093908575305e+04
-4.495119383183324680e+04
-4.495812722433629824e+04
-4.495506022842314269e+04
-4.495484493601724535e+04
-4.495506470884455484e+04
-4.495603774153829727e+04
-4.495405146217245056e+04
-4.495250737027830473e+04
-4.495256997381344991e+04
-4.495167937710840488e+04
-4.495555669237230177e+04
-4.495211166560984566e+04
-4.495610576362229767e+04
-4.495652015867609589e+04
-4.495040807008634874e+04
-4.495315278941369615e+04
-4.495441974151635077e+04
-4.495688797052505106e+04
-4.495355253524654836e+04
-4.495133335868174618e+04
-4.495029592463670269e+04
-4.495167271608974988e+04
-4.495204375647765119e+04
-4.495706782116615068e+04
-4.495262961550139880e+04
-4.495385539039785363e+04
-4.495531150852754945e+04
-4.495298412413834740e+04
-4.495696888793954713e+04
-4.495215605252969544e+04
-4.495196597347560601e+04
-4.495727599760865269e+04
-4.495687612313625141e+04
-4.495544722639035172e+04
-4.495258320172425010e+04
-4.495372037534625269e+04
-4.495158110904240311e+04
-4.495663180525529606e+04
-4.495918123092044698e+04
-4.495220321931885701e+04
-4.494720529669694952e+04
-4.495101216768825543e+04
-4.495150193610570568e+04
-4.495900730711130018e+04
-4.495558565509635082e+04
-4.495861650643350004e+04
-4.495188611027789739e+04
-4.495433209719465231e+04
-4.495635348888255248e+04
-4.495302502524015290e+04
-4.495222612029629818e+04
-4.495158200324414793e+04
-4.495022728759289748e+04
-4.495161426980834949e+04
-4.495248261500879744e+04
-4.495298733071444440e+04
-4.495908927874259825e+04
-4.494872402777444950e+04
-4.495628962718984985e+04
-4.495162850801024615e+04
-4.495463996615084761e+04
-4.495568615396039968e+04
-4.495226215192049858e+04
-4.495471383976560173e+04
-4.494911658861780597e+04
-4.494468764500065299e+04
-4.495304038668494468e+04
-4.495265822995739290e+04
-4.495614597446309926e+04
-4.495920285177750338e+04
-4.495029077905469603e+04
-4.495510440826469858e+04
-4.495612173375179555e+04
-4.495299053415299568e+04
-4.495211029450049682e+04
-4.495738738690874743e+04
-4.495897708936724666e+04
-4.495183967767545255e+04
-4.494927990123284690e+04
-4.495729995907799457e+04
-4.495527237072884600e+04
-4.494888941431005514e+04
-4.495539971447069547e+04
-4.493724848885025131e+04
-4.495314137500680226e+04
-4.494394875511319697e+04
-4.495112577523619984e+04
-4.495651881894224789e+04
-4.495107389898449765e+04
-4.495167146420730569e+04
-4.495668402977504593e+04
-4.495568460401069751e+04
-4.493344533271815453e+04
-4.496112110278425098e+04
-4.495218663422954705e+04
-4.495124500527374767e+04
-4.495216757675084955e+04
-4.495457735320305073e+04
-4.495305028879275051e+04
-4.495334913101759594e+04
-4.495530122363864939e+04
-4.495492959339134541e+04
-4.495341426028050046e+04
-4.495350306863324658e+04
-4.495199802668640041e+04
-4.495504511798235035e+04
-4.495650576045914931e+04
-4.495392513499680354e+04
-4.495154465698649437e+04
-4.495341813829229795e+04
-4.495791227392334986e+04
-4.495440680539770256e+04
-4.495522382028014545e+04
-4.495112883120989864e+04
-4.495309927849844826e+04
-4.495526867783250054e+04
-4.495306088429909869e+04
-4.495570857803025137e+04
-4.495334395719764871e+04
-4.495458689763014991e+04
-4.495511617093965469e+04
-4.494813584696369799e+04
-4.495522788654495525e+04
-4.495749667405035143e+04
-4.495447872745634959e+04
-4.495451928656519885e+04
-4.495203938273294625e+04
-4.495652588156730053e+04
-4.495030250407904532e+04
-4.495647734053124441e+04
-4.495473531629535137e+04
-4.495064503982519818e+04
-4.495658160131774639e+04
-4.495187337496245163e+04
-4.495416032260725478e+04
-4.494865808274855226e+04
-4.495278356252970116e+04
-4.494989524381395313e+04
-4.495234104561524873e+04
-4.495515019766939804e+04
-4.495446852100620163e+04
-4.495418553595905541e+04
-4.495205456847494497e+04
-4.495634390994239948e+04
-4.494942726568124635e+04
-4.495545686494394613e+04
-4.495466625254475366e+04
-4.495426695851909608e+04
-4.495227365417880355e+04
-4.495482941141984338e+04
-4.495209819297015201e+04
-4.495426255967400357e+04
-4.495292164924275130e+04
-4.495355566652145353e+04
-4.495472312691359548e+04
-4.495131468398415018e+04
-4.495866202914644964e+04
-4.494906011585534725e+04
-4.495437736262849648e+04
-4.495514930346764595e+04
-4.495405063072170014e+04
-4.494934060655024950e+04
-4.495597397083454416e+04
-4.495251092512245668e+04
-4.495757684159039491e+04
-4.495039902766725572e+04
-4.494724711396334897e+04
-4.495828998160499759e+04
-4.495307185631144966e+04
-4.495081423848404665e+04
-4.495290184816469991e+04
-4.495450458714344859e+04
-4.495557027482624835e+04
-4.495452991030950216e+04
-4.495414604989229701e+04
-4.494358422514154518e+04
-4.494122019730589818e+04
-4.495414466623274348e+04
-4.495229714501564740e+04
-4.495800602391734719e+04
-4.495456496929319837e+04
-4.495210006608749973e+04
-4.495698117458535125e+04
-4.495038295399860363e+04
-4.495596979475550324e+04
-4.495148705470604182e+04
-4.495710557216775487e+04
-4.495566850837920356e+04
-4.495059717022484983e+04
-4.495312751644844684e+04
-4.495125191415884910e+04
-4.494826333503285423e+04
-4.495482112201274867e+04
-4.495747077357509988e+04
-4.495789532487824181e+04
-4.495750584510900080e+04
-4.495081082482964848e+04
-4.495844150330714911e+04
-4.495389792930075055e+04
-4.495900652272380103e+04
-4.495434168240989675e+04
-4.495940543396834255e+04
-4.495283013318434678e+04
-4.495153775437649892e+04
-4.495831464274800237e+04
-4.494233488096950168e+04
-4.495445545311044407e+04
-4.495872819693839847e+04
-4.495826855527604494e+04
-4.495468647405449883e+04
-4.494435012619695044e+04
-4.495590394699364697e+04
-4.495313234827545239e+04
-4.494703667534729902e+04
-4.495262461738425191e+04
-4.495151243748554407e+04
-4.495379623503014591e+04
-4.495786331245559995e+04
-4.495153035603359604e+04
-4.495561631837249297e+04
-4.495489084778639517e+04
-4.494940375601910637e+04
-4.495011464641035127e+04
-4.495241145851235342e+04
-4.495667794920314918e+04
-4.495554602470230020e+04
-4.495349750575709913e+04
-4.495440475343999424e+04
-4.495537336846334802e+04
-4.495482322417124669e+04
-4.495691883460440295e+04
-4.495719084450165246e+04
-4.495545937184639479e+04
-4.495009182387164765e+04
-4.495573296934394602e+04
-4.495204789490609983e+04
-4.494817623664485291e+04
-4.495304487965655426e+04
-4.495229095149195200e+04
-4.495611006206580350e+04
-4.495502631150765228e+04
-4.495157798090505094e+04
-4.495535569150664378e+04
-4.495509543800924439e+04
-4.495625763045494386e+04
-4.495501193525354756e+04
-4.495456401547800488e+04
-4.495906130120925081e+04
-4.495769688739095000e+04
-4.495484534076119598e+04
-4.495816262217539770e+04
-4.495151943422204931e+04
-4.495072083362054400e+04
-4.495939675550504762e+04
-4.495115434576650296e+04
-4.494789036818924797e+04
-4.495693526595374715e+04
-4.495099838443109911e+04
-4.495236026310899615e+04
-4.495614814878525067e+04
-4.495653837529140583e+04
-4.495426512932744663e+04
-4.494896648195070156e+04
-4.495516745105684822e+04
-4.495011011265059642e+04
-4.494635668041089957e+04
-4.495644421114079887e+04
-4.495555686493754911e+04
-4.495512986007030122e+04
-4.495843447205760458e+04
-4.495280291493810364e+04
-4.495013488047030114e+04
-4.495614515242500056e+04
-4.495820437355324975e+04
-4.494655662705974828e+04
-4.495225745500814810e+04
-4.495329158835059934e+04
-4.495808885209980508e+04
-4.495496914848420420e+04
-4.495366883167484775e+04
-4.495828913446650404e+04
-4.495875339146489569e+04
-4.494917367006494896e+04
-4.495802674429755280e+04
-4.495066102564245375e+04
-4.495122307066169742e+04
-4.495486624625685363e+04
-4.495469680600665015e+04
-4.495686176884499582e+04
-4.495707239257649780e+04
-4.495482270961305039e+04
-4.495099905586679961e+04
-4.495370993357985571e+04
-4.494869131567814475e+04
-4.495204396041839937e+04
-4.494936437349150219e+04
-4.495525534638254612e+04
-4.495442278493984486e+04
-4.494940144991985289e+04
-4.495369468508684804e+04
-4.495333409587799542e+04
-4.494867113809409784e+04
-4.495412272220804152e+04
-4.494505982745675283e+04
-4.495519758408704365e+04
-4.495633091107274959e+04
-4.495128085805759474e+04
-4.495036219596779847e+04
-4.494970067178824684e+04
-4.495245717575339950e+04
-4.494134955849240214e+04
-4.495324694728919712e+04
-4.495386609571845474e+04
-4.494860091658755118e+04
-4.494940054003035038e+04
-4.495612862381160085e+04
-4.495597387043295021e+04
-4.495443450368910271e+04
-4.494983287873259542e+04
-4.495638771327794529e+04
-4.495686508209780004e+04
-4.495592779237364448e+04
-4.495678779169110203e+04
-4.495570420428554644e+04
-4.495054804560449702e+04
-4.494905512401329906e+04
-4.495560614643539884e+04
-4.495153154202750011e+04
-4.495356501014535024e+04
-4.495198250522655144e+04
-4.495521974460269848e+04
-4.493884794595169660e+04
-4.495430849026844953e+04
-4.494964026767564792e+04
-4.495752727457549918e+04
-4.494435545061929588e+04
-4.495643470750185224e+04
-4.495731217042259959e+04
-4.495133487098084152e+04
-4.495386103485029889e+04
-4.494905936284334894e+04
-4.495795958190224337e+04
-4.494396347336025065e+04
-4.495174856008589995e+04
-4.495706967859575525e+04
-4.495083936712200375e+04
-4.495477315828590508e+04
-4.495497869291130337e+04
-4.495443868604324962e+04
-4.495521846448229917e+04
-4.495320900803459517e+04
-4.494758626429305150e+04
-4.495551583833374752e+04
-4.495789924995329784e+04
-4.495363691337869386e+04
-4.495263569921084854e+04
-4.495147394288460055e+04
-4.495248935760375025e+04
-4.495166879101469385e+04
-4.495299680925299617e+04
-4.496011587882749882e+04
-4.495497815639024338e+04
-4.495490514246420207e+04
-4.495236149930369720e+04
-4.495749438363885565e+04
-4.495430442714119999e+04
-4.495373772286019812e+04
-4.495514280873914686e+04
-4.495526620858065144e+04
-4.495480003453919926e+04
-4.495192111278569791e+04
-4.495920904530119878e+04
-4.495150833357015654e+04
-4.495546583206184732e+04
-4.495589394134670147e+04
-4.495840777150709619e+04
-4.495108105259849981e+04
-4.495150851241050259e+04
-4.495830726009284263e+04
-4.495336720016805339e+04
-4.495068059140424884e+04
-4.493960547288614907e+04
-4.495770656045760552e+04
-4.495730120782290032e+04
-4.495613443769174773e+04
-4.495254632923664758e+04
-4.495419036778605368e+04
-4.495709844992924627e+04
-4.495574231610540301e+04
-4.495346793748589698e+04
-4.494832758891930280e+04
-4.495596908880675619e+04
-4.495315852171754523e+04
-4.495042803117945004e+04
-4.494424784834204911e+04
-4.494477836098380067e+04
-4.495484611259850499e+04
-4.495361166237630096e+04
-4.495881834816255287e+04
-4.495175914931714942e+04
-4.495526132969040191e+04
-4.494714127498919697e+04
-4.494818229839145351e+04
-4.495461963482684951e+04
-4.495569770014440292e+04
-4.495539056537489523e+04
-4.495592668795604550e+04
-4.495791658805459883e+04
-4.495854546602640039e+04
-4.495656396828674769e+04
-4.494518733121364494e+04
-4.495263992862825398e+04
-4.494915721047764964e+04
-4.495451810998394649e+04
-4.495657476145875262e+04
-4.495123268725244998e+04
-4.495534692832949804e+04
-4.495209788235269662e+04
-4.495104018914730113e+04
-4.495152839506485179e+04
-4.495586822598689469e+04
-4.495663610369880189e+04
-4.495024704788280360e+04
-4.495603288774844987e+04
-4.495169142530039971e+04
-4.494918841654995049e+04
-4.495403350597379904e+04
-4.495357980996870174e+04
-4.495883330172584829e+04
-4.494873262152390089e+04
-4.495165566664304788e+04
-4.494437445162209769e+04
-4.495332523857434717e+04
-4.495328943912885006e+04
-4.495514445909044298e+04
-4.495063862981054990e+04
-4.495043497457759804e+04
-4.495226430741734657e+04
-4.495662730600860232e+04
-4.495509882342570199e+04
-4.494328664734934864e+04
-4.495364960790600162e+04
-4.495532927647319593e+04
-4.495624719182609988e+04
-4.495688397956144763e+04
-4.495507401481785200e+04
-4.495111628728499636e+04
-4.495589456885670370e+04
-4.494873401145854587e+04
-4.495388835663569625e+04
-4.494730081940670061e+04
-4.495542812812350166e+04
-4.495796168092320295e+04
-4.495277002086389984e+04
-4.495614795111960120e+04
-4.495748894312715129e+04
-4.495068020234804862e+04
-4.493906114247420192e+04
-4.494900797918699391e+04
-4.495254162918675138e+04
-4.495720902032879530e+04
-4.495236765203924733e+04
-4.495178917567064491e+04
-4.495768199971620197e+04
-4.494350263629134861e+04
-4.495579614077565202e+04
-4.495373448804614600e+04
-4.495663207508459891e+04
-4.495801265669805434e+04
-4.495454584906349919e+04
-4.495300822993499605e+04
-4.495497978477869765e+04
-4.495241605816064839e+04
-4.494592714667834662e+04
-4.494492035394659615e+04
-4.495718531927610456e+04
-4.495725845870414923e+04
-4.494911864371305273e+04
-4.495552750688220112e+04
-4.495356516702285444e+04
-4.495852395184605120e+04
-4.494334847277209337e+04
-4.494145136257724516e+04
-4.495610986440014676e+04
-4.495820208000420098e+04
-4.495513165474889684e+04
-4.494985451841494796e+04
-4.495627280992185115e+04
-4.495295908021424839e+04
-4.495408795501649729e+04
-4.495565816073929454e+04
-4.495485637866210163e+04
-4.495154274308100139e+04
-4.494925570758480171e+04
-4.495552394890049618e+04
-4.494663841671314731e+04
-4.495410754274114879e+04
-4.495167280080360069e+04
-4.495090057444739796e+04
-4.495577727782505099e+04
-4.495300919316284853e+04
-4.495500535267365194e+04
-4.495402735951334762e+04
-4.495475201119889971e+04
-4.494743471121539915e+04
-4.494652887856754387e+04
-4.495488858875040023e+04
-4.496035496013749798e+04
-4.495672055399459350e+04
-4.495722227961510362e+04
-4.495532026542960375e+04
-4.495768388538375439e+04
-4.495219098914895585e+04
-4.495267140139230469e+04
-4.494615333579539583e+04
-4.495033523186310049e+04
-4.495508771963624895e+04
-4.495241463371294230e+04
-4.494938461068900506e+04
-4.494444966810825281e+04
-4.495643582133210293e+04
-4.495468093314120051e+04
-4.495470838356614695e+04
-4.495647702363869757e+04
-4.494989592152474506e+04
-4.495656112566644879e+04
-4.495454270523839659e+04
-4.495010698137570580e+04
-4.495122302046090044e+04
-4.494950796032970538e+04
-4.495393061943419889e+04
-4.494934193687145307e+04
-4.495443789224309876e+04
-4.495640739826664503e+04
-4.495835724753945397e+04
-4.495041427616024885e+04
-4.495132875275835249e+04
-4.495058174602904910e+04
-4.495363536342899897e+04
-4.494234255541679886e+04
-4.496079513957719610e+04
-4.495563918797444785e+04
-4.495845378995294595e+04
-4.495776690809429419e+04
-4.494987211065779411e+04
-4.495474729859879881e+04
-4.495195692791894544e+04
-4.495578240144420124e+04
-4.494999484847624990e+04
-4.495570039216229634e+04
-4.495596176576505241e+04
-4.495783792340099899e+04
-4.494782426314830082e+04
-4.495319570168505015e+04
-4.495318696360829927e+04
-4.494704070396150200e+04
-4.495608424944194849e+04
-4.495554752131365240e+04
-4.495271676409019710e+04
-4.494984121206539567e+04
-4.495555463413950201e+04
-4.495022159921474667e+04
-4.495531750752314838e+04
-4.495525466867174691e+04
-4.495177329966765683e+04
-4.495677903165149473e+04
-4.495808210636729928e+04
-4.495051953468764987e+04
-4.494762568133369496e+04
-4.494795229715114692e+04
-4.495633890555014659e+04
-4.495533136608149653e+04
